21048 43386
a 1 2 202
a 2 1 202
a 1 7 595
a 7 1 595
a 2 3 1435
a 3 2 1435
a 3 4 1227
a 4 3 1227
a 4 5 1109
a 5 4 1109
a 6 7 615
a 7 6 615
a 6 8 140
a 8 6 140
a 6 9 1200
a 9 6 1200
a 8 266 321
a 266 8 321
a 9 299 538
a 299 9 538
a 10 11 1294
a 11 10 1294
a 10 37 1869
a 37 10 1869
a 10 38 294
a 38 10 294
a 11 12 1323
a 12 11 1323
a 12 13 2802
a 13 12 2802
a 13 14 1632
a 14 13 1632
a 14 15 3219
a 15 14 3219
a 15 16 910
a 16 15 910
a 16 17 1270
a 17 16 1270
a 17 18 2664
a 18 17 2664
a 18 19 963
a 19 18 963
a 19 20 1420
a 20 19 1420
a 20 21 826
a 21 20 826
a 21 22 1150
a 22 21 1150
a 22 23 858
a 23 22 858
a 23 24 1196
a 24 23 1196
a 24 25 1171
a 25 24 1171
a 25 26 1167
a 26 25 1167
a 26 27 718
a 27 26 718
a 27 28 1052
a 28 27 1052
a 28 29 428
a 29 28 428
a 29 30 2579
a 30 29 2579
a 30 31 1210
a 31 30 1210
a 31 32 813
a 32 31 813
a 33 34 414
a 34 33 414
a 34 35 3684
a 35 34 3684
a 35 36 1044
a 36 35 1044
a 36 37 6071
a 37 36 6071
a 38 39 1372
a 39 38 1372
a 39 40 2970
a 40 39 2970
a 40 82 1498
a 82 40 1498
a 40 353 1185
a 353 40 1185
a 41 42 1728
a 42 41 1728
a 42 43 2870
a 43 42 2870
a 43 44 2169
a 44 43 2169
a 44 45 2520
a 45 44 2520
a 45 46 217
a 46 45 217
a 46 47 2098
a 47 46 2098
a 47 48 1993
a 48 47 1993
a 48 49 802
a 49 48 802
a 49 50 1924
a 50 49 1924
a 50 51 986
a 51 50 986
a 51 52 2776
a 52 51 2776
a 52 53 867
a 53 52 867
a 53 54 2440
a 54 53 2440
a 54 55 1432
a 55 54 1432
a 55 56 186
a 56 55 186
a 56 57 895
a 57 56 895
a 57 58 1250
a 58 57 1250
a 58 59 2252
a 59 58 2252
a 59 127 1942
a 127 59 1942
a 59 436 1345
a 436 59 1345
a 60 61 1653
a 61 60 1653
a 60 254 581
a 254 60 581
a 60 817 1608
a 817 60 1608
a 61 62 3156
a 62 61 3156
a 62 63 2766
a 63 62 2766
a 63 64 1253
a 64 63 1253
a 64 65 1286
a 65 64 1286
a 65 66 1537
a 66 65 1537
a 66 67 2224
a 67 66 2224
a 67 68 2139
a 68 67 2139
a 68 69 255
a 69 68 255
a 69 70 559
a 70 69 559
a 70 71 1605
a 71 70 1605
a 71 72 1356
a 72 71 1356
a 72 73 6641
a 73 72 6641
a 73 74 1575
a 74 73 1575
a 74 75 3146
a 75 74 3146
a 75 76 116
a 76 75 116
a 76 77 2286
a 77 76 2286
a 77 78 1863
a 78 77 1863
a 78 79 1332
a 79 78 1332
a 79 80 593
a 80 79 593
a 80 81 445
a 81 80 445
a 82 83 698
a 83 82 698
a 83 99 2522
a 99 83 2522
a 83 340 1359
a 340 83 1359
a 84 85 468
a 85 84 468
a 84 142 3228
a 142 84 3228
a 84 204 765
a 204 84 765
a 85 86 1878
a 86 85 1878
a 86 87 2323
a 87 86 2323
a 87 88 1868
a 88 87 1868
a 88 89 1754
a 89 88 1754
a 89 90 992
a 90 89 992
a 90 91 826
a 91 90 826
a 91 92 619
a 92 91 619
a 92 93 2405
a 93 92 2405
a 93 94 1676
a 94 93 1676
a 94 95 1229
a 95 94 1229
a 95 96 2074
a 96 95 2074
a 96 97 611
a 97 96 611
a 97 98 1168
a 98 97 1168
a 98 99 1255
a 99 98 1255
a 100 101 658
a 101 100 658
a 100 141 1062
a 141 100 1062
a 100 845 3110
a 845 100 3110
a 101 102 1684
a 102 101 1684
a 102 103 1244
a 103 102 1244
a 103 104 1122
a 104 103 1122
a 104 105 1237
a 105 104 1237
a 105 106 1329
a 106 105 1329
a 106 107 1294
a 107 106 1294
a 107 108 1814
a 108 107 1814
a 108 109 2182
a 109 108 2182
a 109 110 693
a 110 109 693
a 110 111 2662
a 111 110 2662
a 111 112 2113
a 112 111 2113
a 112 113 1612
a 113 112 1612
a 113 114 400
a 114 113 400
a 114 115 462
a 115 114 462
a 115 116 894
a 116 115 894
a 116 117 836
a 117 116 836
a 117 118 519
a 118 117 519
a 118 119 1106
a 119 118 1106
a 119 120 3855
a 120 119 3855
a 120 121 403
a 121 120 403
a 121 122 1056
a 122 121 1056
a 122 123 538
a 123 122 538
a 123 124 2066
a 124 123 2066
a 124 125 1174
a 125 124 1174
a 125 126 223
a 126 125 223
a 127 128 1302
a 128 127 1302
a 128 129 980
a 129 128 980
a 129 130 1367
a 130 129 1367
a 130 131 1257
a 131 130 1257
a 131 132 1124
a 132 131 1124
a 132 133 1226
a 133 132 1226
a 133 134 1292
a 134 133 1292
a 134 135 1505
a 135 134 1505
a 135 136 2222
a 136 135 2222
a 136 137 773
a 137 136 773
a 137 138 1393
a 138 137 1393
a 138 139 817
a 139 138 817
a 139 140 452
a 140 139 452
a 140 141 827
a 141 140 827
a 142 143 1446
a 143 142 1446
a 143 144 1354
a 144 143 1354
a 144 145 1977
a 145 144 1977
a 145 146 779
a 146 145 779
a 146 147 2441
a 147 146 2441
a 147 148 1592
a 148 147 1592
a 148 149 1402
a 149 148 1402
a 149 150 667
a 150 149 667
a 150 151 864
a 151 150 864
a 151 152 381
a 152 151 381
a 152 153 1568
a 153 152 1568
a 153 154 1203
a 154 153 1203
a 154 155 973
a 155 154 973
a 155 156 1262
a 156 155 1262
a 156 157 1982
a 157 156 1982
a 157 158 974
a 158 157 974
a 158 159 549
a 159 158 549
a 159 160 862
a 160 159 862
a 160 161 324
a 161 160 324
a 161 162 586
a 162 161 586
a 162 163 416
a 163 162 416
a 163 164 592
a 164 163 592
a 164 165 941
a 165 164 941
a 165 166 269
a 166 165 269
a 166 167 356
a 167 166 356
a 167 168 1008
a 168 167 1008
a 168 169 865
a 169 168 865
a 169 170 530
a 170 169 530
a 170 171 618
a 171 170 618
a 171 172 737
a 172 171 737
a 172 173 638
a 173 172 638
a 173 174 1622
a 174 173 1622
a 174 175 1084
a 175 174 1084
a 175 176 1526
a 176 175 1526
a 176 177 705
a 177 176 705
a 177 178 1194
a 178 177 1194
a 178 179 868
a 179 178 868
a 179 180 1106
a 180 179 1106
a 180 181 533
a 181 180 533
a 181 182 1136
a 182 181 1136
a 182 183 106
a 183 182 106
a 183 184 2835
a 184 183 2835
a 184 185 550
a 185 184 550
a 185 186 876
a 186 185 876
a 186 187 560
a 187 186 560
a 187 188 1130
a 188 187 1130
a 188 189 561
a 189 188 561
a 189 190 5356
a 190 189 5356
a 190 191 1313
a 191 190 1313
a 191 192 728
a 192 191 728
a 192 193 540
a 193 192 540
a 193 194 1910
a 194 193 1910
a 194 195 379
a 195 194 379
a 194 255 1188
a 255 194 1188
a 195 196 3051
a 196 195 3051
a 196 197 2144
a 197 196 2144
a 197 198 3356
a 198 197 3356
a 198 199 2110
a 199 198 2110
a 199 200 2216
a 200 199 2216
a 200 201 2300
a 201 200 2300
a 201 202 784
a 202 201 784
a 202 203 1699
a 203 202 1699
a 203 204 1246
a 204 203 1246
a 205 206 3194
a 206 205 3194
a 206 207 1118
a 207 206 1118
a 207 208 361
a 208 207 361
a 208 209 231
a 209 208 231
a 209 210 1545
a 210 209 1545
a 210 211 2300
a 211 210 2300
a 211 212 1688
a 212 211 1688
a 212 213 977
a 213 212 977
a 213 214 1092
a 214 213 1092
a 214 215 1719
a 215 214 1719
a 215 216 1721
a 216 215 1721
a 216 217 1710
a 217 216 1710
a 217 218 1317
a 218 217 1317
a 218 219 4123
a 219 218 4123
a 219 220 1895
a 220 219 1895
a 220 243 2223
a 243 220 2223
a 220 324 901
a 324 220 901
a 221 222 603
a 222 221 603
a 222 223 1251
a 223 222 1251
a 223 224 963
a 224 223 963
a 224 225 1751
a 225 224 1751
a 225 226 1149
a 226 225 1149
a 226 227 899
a 227 226 899
a 227 228 415
a 228 227 415
a 228 229 2040
a 229 228 2040
a 229 230 466
a 230 229 466
a 230 231 306
a 231 230 306
a 231 232 1075
a 232 231 1075
a 232 233 2491
a 233 232 2491
a 233 234 1224
a 234 233 1224
a 234 235 2650
a 235 234 2650
a 235 236 3370
a 236 235 3370
a 236 237 336
a 237 236 336
a 237 238 557
a 238 237 557
a 238 239 1143
a 239 238 1143
a 239 240 1778
a 240 239 1778
a 240 241 1319
a 241 240 1319
a 241 242 3472
a 242 241 3472
a 242 297 631
a 297 242 631
a 242 644 573
a 644 242 573
a 243 244 1048
a 244 243 1048
a 244 245 1469
a 245 244 1469
a 245 246 2254
a 246 245 2254
a 246 247 1031
a 247 246 1031
a 247 248 1194
a 248 247 1194
a 248 249 875
a 249 248 875
a 249 250 429
a 250 249 429
a 250 251 1954
a 251 250 1954
a 251 252 2540
a 252 251 2540
a 252 253 656
a 253 252 656
a 253 254 1207
a 254 253 1207
a 255 256 2519
a 256 255 2519
a 256 257 1567
a 257 256 1567
a 257 258 610
a 258 257 610
a 258 267 1894
a 267 258 1894
a 258 590 502
a 590 258 502
a 259 260 478
a 260 259 478
a 259 298 435
a 298 259 435
a 259 337 786
a 337 259 786
a 260 261 4856
a 261 260 4856
a 261 262 2231
a 262 261 2231
a 262 263 4758
a 263 262 4758
a 263 264 1271
a 264 263 1271
a 264 265 2684
a 265 264 2684
a 265 266 5376
a 266 265 5376
a 267 268 3832
a 268 267 3832
a 268 269 1167
a 269 268 1167
a 269 270 1812
a 270 269 1812
a 270 271 946
a 271 270 946
a 271 272 4765
a 272 271 4765
a 272 273 1275
a 273 272 1275
a 273 274 319
a 274 273 319
a 274 275 1285
a 275 274 1285
a 275 276 1818
a 276 275 1818
a 276 277 1842
a 277 276 1842
a 277 278 2008
a 278 277 2008
a 278 279 793
a 279 278 793
a 279 280 1502
a 280 279 1502
a 280 281 1041
a 281 280 1041
a 281 282 2087
a 282 281 2087
a 282 283 827
a 283 282 827
a 283 284 1431
a 284 283 1431
a 284 285 491
a 285 284 491
a 285 286 154
a 286 285 154
a 286 287 1731
a 287 286 1731
a 287 288 825
a 288 287 825
a 288 289 1949
a 289 288 1949
a 289 290 671
a 290 289 671
a 290 291 946
a 291 290 946
a 291 292 1357
a 292 291 1357
a 292 293 406
a 293 292 406
a 293 294 1100
a 294 293 1100
a 294 295 832
a 295 294 832
a 295 296 890
a 296 295 890
a 296 297 2043
a 297 296 2043
a 298 435 4316
a 435 298 4316
a 298 701 2503
a 701 298 2503
a 299 300 3255
a 300 299 3255
a 300 301 3820
a 301 300 3820
a 301 302 3173
a 302 301 3173
a 302 303 854
a 303 302 854
a 303 304 2216
a 304 303 2216
a 304 305 376
a 305 304 376
a 305 306 1360
a 306 305 1360
a 306 307 961
a 307 306 961
a 307 308 1538
a 308 307 1538
a 308 309 1612
a 309 308 1612
a 309 310 1861
a 310 309 1861
a 310 311 4872
a 311 310 4872
a 311 312 674
a 312 311 674
a 312 313 786
a 313 312 786
a 313 314 971
a 314 313 971
a 314 315 887
a 315 314 887
a 315 316 1465
a 316 315 1465
a 316 326 1430
a 326 316 1430
a 316 628 328
a 628 316 328
a 317 318 3200
a 318 317 3200
a 318 319 1700
a 319 318 1700
a 319 320 707
a 320 319 707
a 320 321 1112
a 321 320 1112
a 321 322 3338
a 322 321 3338
a 322 323 1675
a 323 322 1675
a 323 338 760
a 338 323 760
a 324 325 4244
a 325 324 4244
a 325 338 246
a 338 325 246
a 326 327 3945
a 327 326 3945
a 327 328 4649
a 328 327 4649
a 328 329 3978
a 329 328 3978
a 329 330 2296
a 330 329 2296
a 330 331 388
a 331 330 388
a 331 332 566
a 332 331 566
a 332 333 1851
a 333 332 1851
a 333 334 1865
a 334 333 1865
a 334 335 726
a 335 334 726
a 335 336 1579
a 336 335 1579
a 336 337 5564
a 337 336 5564
a 338 339 1388
a 339 338 1388
a 339 472 4059
a 472 339 4059
a 340 341 998
a 341 340 998
a 341 342 1733
a 342 341 1733
a 342 343 650
a 343 342 650
a 343 344 1214
a 344 343 1214
a 344 345 721
a 345 344 721
a 345 346 3217
a 346 345 3217
a 346 347 1757
a 347 346 1757
a 347 354 341
a 354 347 341
a 347 388 1931
a 388 347 1931
a 348 349 4105
a 349 348 4105
a 348 354 230
a 354 348 230
a 349 350 1158
a 350 349 1158
a 350 351 2792
a 351 350 2792
a 351 352 1683
a 352 351 1683
a 352 353 2153
a 353 352 2153
a 354 355 612
a 355 354 612
a 355 408 692
a 408 355 692
a 356 357 2414
a 357 356 2414
a 357 358 4119
a 358 357 4119
a 358 359 5296
a 359 358 5296
a 359 360 1428
a 360 359 1428
a 360 361 3070
a 361 360 3070
a 361 362 1913
a 362 361 1913
a 362 363 892
a 363 362 892
a 363 364 415
a 364 363 415
a 364 365 3751
a 365 364 3751
a 365 366 5081
a 366 365 5081
a 366 387 3360
a 387 366 3360
a 366 670 4456
a 670 366 4456
a 367 368 460
a 368 367 460
a 368 369 3135
a 369 368 3135
a 369 370 2266
a 370 369 2266
a 370 371 491
a 371 370 491
a 371 372 776
a 372 371 776
a 372 373 810
a 373 372 810
a 373 374 1597
a 374 373 1597
a 374 375 2935
a 375 374 2935
a 375 376 909
a 376 375 909
a 376 377 688
a 377 376 688
a 377 378 1471
a 378 377 1471
a 378 379 3349
a 379 378 3349
a 379 380 984
a 380 379 984
a 380 381 2048
a 381 380 2048
a 381 382 1034
a 382 381 1034
a 382 383 3657
a 383 382 3657
a 383 384 466
a 384 383 466
a 384 385 903
a 385 384 903
a 385 386 1418
a 386 385 1418
a 386 387 2750
a 387 386 2750
a 388 470 864
a 470 388 864
a 389 390 1114
a 390 389 1114
a 389 542 1538
a 542 389 1538
a 389 627 1639
a 627 389 1639
a 390 391 2818
a 391 390 2818
a 391 392 819
a 392 391 819
a 392 393 1936
a 393 392 1936
a 393 394 892
a 394 393 892
a 394 395 766
a 395 394 766
a 395 396 1028
a 396 395 1028
a 396 397 2565
a 397 396 2565
a 397 398 1443
a 398 397 1443
a 398 399 4027
a 399 398 4027
a 399 400 2304
a 400 399 2304
a 400 401 2908
a 401 400 2908
a 401 402 1624
a 402 401 1624
a 402 403 1721
a 403 402 1721
a 403 404 58
a 404 403 58
a 404 405 1464
a 405 404 1464
a 405 406 1102
a 406 405 1102
a 406 407 1793
a 407 406 1793
a 408 409 1660
a 409 408 1660
a 409 410 2951
a 410 409 2951
a 410 411 3303
a 411 410 3303
a 411 412 799
a 412 411 799
a 412 413 1240
a 413 412 1240
a 413 414 5828
a 414 413 5828
a 414 415 8389
a 415 414 8389
a 415 416 1414
a 416 415 1414
a 416 417 3513
a 417 416 3513
a 417 418 3040
a 418 417 3040
a 418 419 341
a 419 418 341
a 419 420 1320
a 420 419 1320
a 420 421 3142
a 421 420 3142
a 421 422 4033
a 422 421 4033
a 422 423 2904
a 423 422 2904
a 423 424 1172
a 424 423 1172
a 424 425 1216
a 425 424 1216
a 425 426 928
a 426 425 928
a 426 427 1545
a 427 426 1545
a 427 428 1622
a 428 427 1622
a 428 429 642
a 429 428 642
a 429 430 1695
a 430 429 1695
a 430 431 970
a 431 430 970
a 431 432 519
a 432 431 519
a 432 433 897
a 433 432 897
a 433 434 675
a 434 433 675
a 434 435 645
a 435 434 645
a 436 437 2785
a 437 436 2785
a 437 438 1303
a 438 437 1303
a 438 439 3072
a 439 438 3072
a 439 440 4212
a 440 439 4212
a 440 441 1516
a 441 440 1516
a 441 442 1715
a 442 441 1715
a 442 443 214
a 443 442 214
a 443 444 1149
a 444 443 1149
a 444 445 1536
a 445 444 1536
a 445 446 1575
a 446 445 1575
a 446 447 1847
a 447 446 1847
a 447 448 929
a 448 447 929
a 448 449 1038
a 449 448 1038
a 449 450 2437
a 450 449 2437
a 450 451 966
a 451 450 966
a 451 452 3093
a 452 451 3093
a 452 453 472
a 453 452 472
a 453 454 655
a 454 453 655
a 454 455 1890
a 455 454 1890
a 455 456 1961
a 456 455 1961
a 456 457 2278
a 457 456 2278
a 457 458 479
a 458 457 479
a 458 469 2664
a 469 458 2664
a 458 479 398
a 479 458 398
a 459 460 5585
a 460 459 5585
a 460 461 5390
a 461 460 5390
a 461 462 3183
a 462 461 3183
a 462 463 10033
a 463 462 10033
a 463 464 1564
a 464 463 1564
a 464 465 1313
a 465 464 1313
a 465 466 1576
a 466 465 1576
a 466 467 1542
a 467 466 1542
a 467 468 5314
a 468 467 5314
a 468 469 1029
a 469 468 1029
a 470 471 824
a 471 470 824
a 471 517 1770
a 517 471 1770
a 471 546 3638
a 546 471 3638
a 472 473 2577
a 473 472 2577
a 473 474 1159
a 474 473 1159
a 474 475 1110
a 475 474 1110
a 475 476 1128
a 476 475 1128
a 476 477 458
a 477 476 458
a 477 478 1010
a 478 477 1010
a 478 482 2771
a 482 478 2771
a 479 480 1064
a 480 479 1064
a 480 481 5845
a 481 480 5845
a 481 524 1084
a 524 481 1084
a 481 903 8350
a 903 481 8350
a 482 545 3279
a 545 482 3279
a 483 484 104
a 484 483 104
a 484 485 1671
a 485 484 1671
a 485 486 751
a 486 485 751
a 486 487 1706
a 487 486 1706
a 487 488 1500
a 488 487 1500
a 488 489 768
a 489 488 768
a 489 490 271
a 490 489 271
a 490 491 2379
a 491 490 2379
a 491 492 1367
a 492 491 1367
a 492 493 1203
a 493 492 1203
a 493 494 1048
a 494 493 1048
a 494 495 712
a 495 494 712
a 495 496 3524
a 496 495 3524
a 496 497 702
a 497 496 702
a 497 498 1620
a 498 497 1620
a 498 499 951
a 499 498 951
a 499 500 884
a 500 499 884
a 500 501 963
a 501 500 963
a 501 502 920
a 502 501 920
a 502 503 1606
a 503 502 1606
a 503 504 769
a 504 503 769
a 504 505 654
a 505 504 654
a 505 506 2436
a 506 505 2436
a 506 507 1404
a 507 506 1404
a 507 508 1427
a 508 507 1427
a 508 509 3131
a 509 508 3131
a 509 510 395
a 510 509 395
a 510 511 4034
a 511 510 4034
a 511 512 3458
a 512 511 3458
a 512 513 3556
a 513 512 3556
a 513 514 659
a 514 513 659
a 514 515 995
a 515 514 995
a 515 516 327
a 516 515 327
a 516 736 967
a 736 516 967
a 517 518 1196
a 518 517 1196
a 518 519 1911
a 519 518 1911
a 519 520 2251
a 520 519 2251
a 520 521 3968
a 521 520 3968
a 521 522 478
a 522 521 478
a 522 523 381
a 523 522 381
a 523 543 577
a 543 523 577
a 523 818 717
a 818 523 717
a 524 525 1165
a 525 524 1165
a 525 526 741
a 526 525 741
a 526 527 1203
a 527 526 1203
a 527 528 1619
a 528 527 1619
a 528 529 3106
a 529 528 3106
a 529 530 2904
a 530 529 2904
a 530 531 1344
a 531 530 1344
a 531 532 1390
a 532 531 1390
a 532 533 1250
a 533 532 1250
a 533 534 300
a 534 533 300
a 534 535 2176
a 535 534 2176
a 535 536 810
a 536 535 810
a 536 537 590
a 537 536 590
a 537 538 1023
a 538 537 1023
a 538 539 1722
a 539 538 1722
a 539 540 3255
a 540 539 3255
a 540 541 1763
a 541 540 1763
a 541 542 1484
a 542 541 1484
a 543 544 510
a 544 543 510
a 544 702 571
a 702 544 571
a 544 869 668
a 869 544 668
a 545 676 1448
a 676 545 1448
a 546 547 1337
a 547 546 1337
a 547 548 1068
a 548 547 1068
a 548 549 970
a 549 548 970
a 549 550 336
a 550 549 336
a 550 551 2204
a 551 550 2204
a 551 552 1700
a 552 551 1700
a 552 553 2805
a 553 552 2805
a 553 554 571
a 554 553 571
a 554 555 507
a 555 554 507
a 555 556 2525
a 556 555 2525
a 556 557 1615
a 557 556 1615
a 557 558 2578
a 558 557 2578
a 558 559 1025
a 559 558 1025
a 559 560 933
a 560 559 933
a 560 561 2006
a 561 560 2006
a 561 562 2072
a 562 561 2072
a 561 591 275
a 591 561 275
a 562 563 844
a 563 562 844
a 563 564 2349
a 564 563 2349
a 564 565 3426
a 565 564 3426
a 565 566 975
a 566 565 975
a 566 567 1863
a 567 566 1863
a 567 568 776
a 568 567 776
a 568 569 1614
a 569 568 1614
a 569 570 1911
a 570 569 1911
a 570 571 1703
a 571 570 1703
a 571 572 1549
a 572 571 1549
a 572 573 3235
a 573 572 3235
a 573 574 2975
a 574 573 2975
a 574 575 1738
a 575 574 1738
a 575 576 831
a 576 575 831
a 576 577 1152
a 577 576 1152
a 577 578 2523
a 578 577 2523
a 578 579 65
a 579 578 65
a 579 580 1290
a 580 579 1290
a 580 581 1380
a 581 580 1380
a 581 582 2839
a 582 581 2839
a 582 583 4288
a 583 582 4288
a 583 584 1345
a 584 583 1345
a 584 585 1770
a 585 584 1770
a 585 586 930
a 586 585 930
a 586 587 941
a 587 586 941
a 587 588 206
a 588 587 206
a 588 589 1887
a 589 588 1887
a 589 590 2341
a 590 589 2341
a 591 592 149
a 592 591 149
a 592 862 2608
a 862 592 2608
a 592 918 1666
a 918 592 1666
a 593 594 1177
a 594 593 1177
a 593 643 361
a 643 593 361
a 593 1084 2093
a 1084 593 2093
a 594 595 1346
a 595 594 1346
a 595 596 451
a 596 595 451
a 596 597 1740
a 597 596 1740
a 597 598 667
a 598 597 667
a 598 599 596
a 599 598 596
a 599 600 2103
a 600 599 2103
a 600 601 1984
a 601 600 1984
a 601 602 678
a 602 601 678
a 602 603 1199
a 603 602 1199
a 603 604 3299
a 604 603 3299
a 604 605 226
a 605 604 226
a 605 606 1506
a 606 605 1506
a 606 607 912
a 607 606 912
a 607 608 2479
a 608 607 2479
a 608 609 2293
a 609 608 2293
a 609 610 2052
a 610 609 2052
a 610 611 932
a 611 610 932
a 611 612 611
a 612 611 611
a 612 613 1748
a 613 612 1748
a 613 614 520
a 614 613 520
a 614 615 1567
a 615 614 1567
a 615 616 681
a 616 615 681
a 616 617 3726
a 617 616 3726
a 617 618 1223
a 618 617 1223
a 618 619 1149
a 619 618 1149
a 619 620 3969
a 620 619 3969
a 620 621 657
a 621 620 657
a 621 622 733
a 622 621 733
a 622 623 818
a 623 622 818
a 623 624 532
a 624 623 532
a 624 625 940
a 625 624 940
a 625 626 956
a 626 625 956
a 626 627 976
a 627 626 976
a 628 629 1163
a 629 628 1163
a 629 630 1070
a 630 629 1070
a 630 631 1969
a 631 630 1969
a 631 632 3054
a 632 631 3054
a 632 633 2727
a 633 632 2727
a 633 634 3229
a 634 633 3229
a 634 635 1579
a 635 634 1579
a 635 636 80
a 636 635 80
a 636 637 2239
a 637 636 2239
a 637 638 697
a 638 637 697
a 638 639 1031
a 639 638 1031
a 639 640 1125
a 640 639 1125
a 640 641 1483
a 641 640 1483
a 641 642 4380
a 642 641 4380
a 642 643 2301
a 643 642 2301
a 644 645 960
a 645 644 960
a 645 646 1244
a 646 645 1244
a 646 647 2929
a 647 646 2929
a 647 648 981
a 648 647 981
a 648 649 2963
a 649 648 2963
a 649 650 1340
a 650 649 1340
a 650 651 771
a 651 650 771
a 651 652 1217
a 652 651 1217
a 652 653 939
a 653 652 939
a 653 654 476
a 654 653 476
a 654 655 1156
a 655 654 1156
a 655 656 577
a 656 655 577
a 656 657 1936
a 657 656 1936
a 657 658 932
a 658 657 932
a 658 659 2772
a 659 658 2772
a 659 660 612
a 660 659 612
a 660 661 2104
a 661 660 2104
a 661 662 721
a 662 661 721
a 662 663 1185
a 663 662 1185
a 663 664 1615
a 664 663 1615
a 664 665 140
a 665 664 140
a 665 666 1353
a 666 665 1353
a 666 667 2128
a 667 666 2128
a 667 753 1696
a 753 667 1696
a 667 950 2416
a 950 667 2416
a 668 669 556
a 669 668 556
a 669 721 689
a 721 669 689
a 670 671 8170
a 671 670 8170
a 671 672 309
a 672 671 309
a 672 673 1669
a 673 672 1669
a 673 674 2179
a 674 673 2179
a 674 675 2635
a 675 674 2635
a 675 750 491
a 750 675 491
a 675 823 414
a 823 675 414
a 676 677 743
a 677 676 743
a 677 678 900
a 678 677 900
a 678 679 1414
a 679 678 1414
a 679 680 2401
a 680 679 2401
a 680 681 1289
a 681 680 1289
a 681 682 781
a 682 681 781
a 682 751 929
a 751 682 929
a 683 684 412
a 684 683 412
a 683 720 251
a 720 683 251
a 683 890 457
a 890 683 457
a 684 685 1323
a 685 684 1323
a 685 686 2617
a 686 685 2617
a 686 687 1032
a 687 686 1032
a 687 688 942
a 688 687 942
a 688 689 2510
a 689 688 2510
a 689 690 2945
a 690 689 2945
a 690 691 1036
a 691 690 1036
a 691 692 695
a 692 691 695
a 692 693 203
a 693 692 203
a 693 694 2789
a 694 693 2789
a 694 695 1725
a 695 694 1725
a 695 696 5418
a 696 695 5418
a 696 697 4417
a 697 696 4417
a 697 698 562
a 698 697 562
a 698 699 761
a 699 698 761
a 699 700 5209
a 700 699 5209
a 700 701 1031
a 701 700 1031
a 702 703 3667
a 703 702 3667
a 703 704 1435
a 704 703 1435
a 704 705 1561
a 705 704 1561
a 705 706 1565
a 706 705 1565
a 706 707 1107
a 707 706 1107
a 707 708 1047
a 708 707 1047
a 708 709 1062
a 709 708 1062
a 709 710 2809
a 710 709 2809
a 710 711 1310
a 711 710 1310
a 711 712 164
a 712 711 164
a 712 713 2765
a 713 712 2765
a 713 714 1482
a 714 713 1482
a 714 715 3383
a 715 714 3383
a 715 716 1876
a 716 715 1876
a 716 717 3731
a 717 716 3731
a 717 718 2079
a 718 717 2079
a 718 719 649
a 719 718 649
a 719 720 435
a 720 719 435
a 721 722 1801
a 722 721 1801
a 722 723 3529
a 723 722 3529
a 723 724 3941
a 724 723 3941
a 724 725 2364
a 725 724 2364
a 725 726 1024
a 726 725 1024
a 726 727 3251
a 727 726 3251
a 727 728 759
a 728 727 759
a 727 737 3980
a 737 727 3980
a 727 1018 3125
a 1018 727 3125
a 728 729 4084
a 729 728 4084
a 729 730 1518
a 730 729 1518
a 730 731 861
a 731 730 861
a 731 732 1994
a 732 731 1994
a 732 733 1495
a 733 732 1495
a 733 734 722
a 734 733 722
a 734 735 400
a 735 734 400
a 735 736 1231
a 736 735 1231
a 737 738 1701
a 738 737 1701
a 738 739 1227
a 739 738 1227
a 739 740 2735
a 740 739 2735
a 740 741 1434
a 741 740 1434
a 741 742 3962
a 742 741 3962
a 742 743 834
a 743 742 834
a 743 744 394
a 744 743 394
a 744 745 1379
a 745 744 1379
a 745 746 2109
a 746 745 2109
a 746 747 2294
a 747 746 2294
a 747 748 2451
a 748 747 2451
a 748 749 1190
a 749 748 1190
a 749 750 1901
a 750 749 1901
a 751 752 3136
a 752 751 3136
a 752 763 2311
a 763 752 2311
a 752 856 261
a 856 752 261
a 753 754 2495
a 754 753 2495
a 754 755 274
a 755 754 274
a 755 756 1037
a 756 755 1037
a 756 757 676
a 757 756 676
a 757 758 1613
a 758 757 1613
a 758 759 737
a 759 758 737
a 759 760 1699
a 760 759 1699
a 760 761 949
a 761 760 949
a 761 762 1775
a 762 761 1775
a 762 1080 889
a 1080 762 889
a 763 764 1415
a 764 763 1415
a 764 765 1676
a 765 764 1676
a 765 766 876
a 766 765 876
a 766 767 747
a 767 766 747
a 767 768 1068
a 768 767 1068
a 768 769 815
a 769 768 815
a 769 770 1005
a 770 769 1005
a 770 771 1308
a 771 770 1308
a 771 772 830
a 772 771 830
a 772 773 2457
a 773 772 2457
a 773 774 440
a 774 773 440
a 774 775 210
a 775 774 210
a 775 776 1380
a 776 775 1380
a 776 777 1351
a 777 776 1351
a 777 778 1063
a 778 777 1063
a 778 779 1071
a 779 778 1071
a 779 780 1003
a 780 779 1003
a 780 781 2422
a 781 780 2422
a 781 782 1285
a 782 781 1285
a 782 783 1467
a 783 782 1467
a 783 784 689
a 784 783 689
a 784 785 2529
a 785 784 2529
a 785 786 1031
a 786 785 1031
a 786 787 534
a 787 786 534
a 787 788 3176
a 788 787 3176
a 788 789 3604
a 789 788 3604
a 789 790 1712
a 790 789 1712
a 790 791 2188
a 791 790 2188
a 791 792 481
a 792 791 481
a 792 793 746
a 793 792 746
a 793 794 330
a 794 793 330
a 794 795 401
a 795 794 401
a 795 796 2037
a 796 795 2037
a 796 797 1684
a 797 796 1684
a 797 798 1646
a 798 797 1646
a 798 799 659
a 799 798 659
a 799 800 1087
a 800 799 1087
a 800 801 779
a 801 800 779
a 801 802 1247
a 802 801 1247
a 802 803 1685
a 803 802 1685
a 803 804 1018
a 804 803 1018
a 804 805 1028
a 805 804 1028
a 805 806 470
a 806 805 470
a 806 807 469
a 807 806 469
a 807 808 831
a 808 807 831
a 808 809 764
a 809 808 764
a 809 810 2186
a 810 809 2186
a 810 811 1125
a 811 810 1125
a 811 812 3831
a 812 811 3831
a 812 813 2362
a 813 812 2362
a 813 814 2231
a 814 813 2231
a 814 815 1715
a 815 814 1715
a 815 816 119
a 816 815 119
a 816 817 678
a 817 816 678
a 818 819 1671
a 819 818 1671
a 819 820 6425
a 820 819 6425
a 820 821 3926
a 821 820 3926
a 821 822 811
a 822 821 811
a 822 876 392
a 876 822 392
a 822 1008 472
a 1008 822 472
a 823 824 3026
a 824 823 3026
a 824 825 2896
a 825 824 2896
a 825 826 5230
a 826 825 5230
a 826 852 402
a 852 826 402
a 827 828 1467
a 828 827 1467
a 827 846 916
a 846 827 916
a 827 902 1079
a 902 827 1079
a 828 829 2310
a 829 828 2310
a 829 830 1475
a 830 829 1475
a 830 831 1943
a 831 830 1943
a 831 832 2821
a 832 831 2821
a 832 833 1460
a 833 832 1460
a 833 834 2391
a 834 833 2391
a 834 835 193
a 835 834 193
a 835 836 1274
a 836 835 1274
a 836 837 6198
a 837 836 6198
a 837 838 596
a 838 837 596
a 838 839 1591
a 839 838 1591
a 839 840 2676
a 840 839 2676
a 840 841 805
a 841 840 805
a 841 842 1489
a 842 841 1489
a 842 843 2678
a 843 842 2678
a 843 844 1705
a 844 843 1705
a 844 845 1731
a 845 844 1731
a 846 847 1370
a 847 846 1370
a 847 848 2808
a 848 847 2808
a 848 849 2263
a 849 848 2263
a 849 850 401
a 850 849 401
a 850 851 558
a 851 850 558
a 851 853 280
a 853 851 280
a 851 854 645
a 854 851 645
a 852 853 801
a 853 852 801
a 853 855 1185
a 855 853 1185
a 854 946 887
a 946 854 887
a 855 941 1603
a 941 855 1603
a 856 857 890
a 857 856 890
a 857 858 2801
a 858 857 2801
a 858 859 1004
a 859 858 1004
a 859 860 1407
a 860 859 1407
a 860 861 855
a 861 860 855
a 861 970 1182
a 970 861 1182
a 862 863 5539
a 863 862 5539
a 863 864 2860
a 864 863 2860
a 864 865 2597
a 865 864 2597
a 865 866 334
a 866 865 334
a 866 867 1784
a 867 866 1784
a 867 868 1056
a 868 867 1056
a 868 935 1811
a 935 868 1811
a 868 1110 1128
a 1110 868 1128
a 869 870 3085
a 870 869 3085
a 870 871 8558
a 871 870 8558
a 871 872 903
a 872 871 903
a 872 873 1876
a 873 872 1876
a 873 874 3354
a 874 873 3354
a 874 875 1899
a 875 874 1899
a 875 880 942
a 880 875 942
a 875 915 2619
a 915 875 2619
a 876 877 2133
a 877 876 2133
a 877 878 922
a 878 877 922
a 878 879 4026
a 879 878 4026
a 879 880 1302
a 880 879 1302
a 881 882 1619
a 882 881 1619
a 881 914 1915
a 914 881 1915
a 882 883 1057
a 883 882 1057
a 883 884 2674
a 884 883 2674
a 884 885 5461
a 885 884 5461
a 885 886 999
a 886 885 999
a 886 887 2451
a 887 886 2451
a 887 888 377
a 888 887 377
a 888 889 1197
a 889 888 1197
a 889 890 2550
a 890 889 2550
a 891 892 2472
a 892 891 2472
a 891 913 655
a 913 891 655
a 891 1214 1623
a 1214 891 1623
a 892 893 1526
a 893 892 1526
a 893 894 3206
a 894 893 3206
a 894 895 6260
a 895 894 6260
a 895 896 2546
a 896 895 2546
a 896 897 81
a 897 896 81
a 897 898 1510
a 898 897 1510
a 898 899 1218
a 899 898 1218
a 899 900 1430
a 900 899 1430
a 900 901 2561
a 901 900 2561
a 901 902 3262
a 902 901 3262
a 903 904 2582
a 904 903 2582
a 904 905 2945
a 905 904 2945
a 905 906 1808
a 906 905 1808
a 906 907 13680
a 907 906 13680
a 907 908 735
a 908 907 735
a 908 909 2447
a 909 908 2447
a 909 910 1515
a 910 909 1515
a 910 911 5881
a 911 910 5881
a 911 912 2068
a 912 911 2068
a 912 913 1774
a 913 912 1774
a 914 917 1516
a 917 914 1516
a 914 1028 2101
a 1028 914 2101
a 915 916 955
a 916 915 955
a 916 917 2124
a 917 916 2124
a 918 919 1964
a 919 918 1964
a 919 920 1468
a 920 919 1468
a 920 921 1708
a 921 920 1708
a 921 922 1195
a 922 921 1195
a 922 923 856
a 923 922 856
a 923 924 1397
a 924 923 1397
a 924 925 715
a 925 924 715
a 925 926 1551
a 926 925 1551
a 926 927 719
a 927 926 719
a 927 928 1186
a 928 927 1186
a 928 929 2130
a 929 928 2130
a 929 930 719
a 930 929 719
a 930 931 2328
a 931 930 2328
a 931 932 1490
a 932 931 1490
a 932 933 2488
a 933 932 2488
a 933 934 1198
a 934 933 1198
a 933 963 3369
a 963 933 3369
a 934 940 1506
a 940 934 1506
a 934 966 2295
a 966 934 2295
a 935 936 377
a 936 935 377
a 936 937 1046
a 937 936 1046
a 937 938 1994
a 938 937 1994
a 938 939 2499
a 939 938 2499
a 939 940 1060
a 940 939 1060
a 941 942 1772
a 942 941 1772
a 942 943 1977
a 943 942 1977
a 943 944 3883
a 944 943 3883
a 944 945 1199
a 945 944 1199
a 945 949 920
a 949 945 920
a 945 1175 1375
a 1175 945 1375
a 946 947 1841
a 947 946 1841
a 947 948 6064
a 948 947 6064
a 948 949 881
a 949 948 881
a 950 951 2104
a 951 950 2104
a 951 952 1738
a 952 951 1738
a 952 953 1721
a 953 952 1721
a 953 954 1924
a 954 953 1924
a 954 955 620
a 955 954 620
a 955 956 916
a 956 955 916
a 956 957 1658
a 957 956 1658
a 957 958 158
a 958 957 158
a 958 959 970
a 959 958 970
a 959 960 1185
a 960 959 1185
a 960 961 3241
a 961 960 3241
a 961 962 2433
a 962 961 2433
a 962 1044 1331
a 1044 962 1331
a 962 1137 130
a 1137 962 130
a 963 964 1673
a 964 963 1673
a 964 965 2130
a 965 964 2130
a 965 969 1095
a 969 965 1095
a 965 1022 879
a 1022 965 879
a 966 967 1764
a 967 966 1764
a 967 968 2553
a 968 967 2553
a 968 969 673
a 969 968 673
a 970 971 1512
a 971 970 1512
a 971 972 4272
a 972 971 4272
a 972 973 1737
a 973 972 1737
a 973 974 1403
a 974 973 1403
a 974 975 2024
a 975 974 2024
a 975 976 1000
a 976 975 1000
a 976 977 697
a 977 976 697
a 977 978 1096
a 978 977 1096
a 978 979 223
a 979 978 223
a 979 1186 1205
a 1186 979 1205
a 979 1456 1515
a 1456 979 1515
a 980 981 96
a 981 980 96
a 980 1021 3290
a 1021 980 3290
a 981 982 642
a 982 981 642
a 983 984 941
a 984 983 941
a 983 1023 2073
a 1023 983 2073
a 983 1385 801
a 1385 983 801
a 984 985 701
a 985 984 701
a 985 986 1643
a 986 985 1643
a 986 987 422
a 987 986 422
a 987 988 2125
a 988 987 2125
a 988 989 685
a 989 988 685
a 989 990 2221
a 990 989 2221
a 990 991 2957
a 991 990 2957
a 991 992 2076
a 992 991 2076
a 992 993 757
a 993 992 757
a 993 994 784
a 994 993 784
a 994 995 1214
a 995 994 1214
a 995 996 375
a 996 995 375
a 996 997 990
a 997 996 990
a 997 998 1893
a 998 997 1893
a 998 999 845
a 999 998 845
a 999 1000 1270
a 1000 999 1270
a 1000 1001 1129
a 1001 1000 1129
a 1001 1002 2630
a 1002 1001 2630
a 1002 1003 1318
a 1003 1002 1318
a 1003 1004 2317
a 1004 1003 2317
a 1004 1005 981
a 1005 1004 981
a 1005 1006 1295
a 1006 1005 1295
a 1006 1007 666
a 1007 1006 666
a 1007 1008 1284
a 1008 1007 1284
a 1009 1010 2399
a 1010 1009 2399
a 1009 1019 1498
a 1019 1009 1498
a 1009 1083 2169
a 1083 1009 2169
a 1010 1011 1706
a 1011 1010 1706
a 1011 1012 2868
a 1012 1011 2868
a 1012 1013 2380
a 1013 1012 2380
a 1013 1014 3227
a 1014 1013 3227
a 1014 1015 273
a 1015 1014 273
a 1015 1016 1750
a 1016 1015 1750
a 1016 1017 1264
a 1017 1016 1264
a 1017 1018 4083
a 1018 1017 4083
a 1019 1020 2231
a 1020 1019 2231
a 1020 1021 3493
a 1021 1020 3493
a 1022 1023 1304
a 1023 1022 1304
a 1024 1025 140
a 1025 1024 140
a 1025 1026 501
a 1026 1025 501
a 1026 1027 630
a 1027 1026 630
a 1027 1032 417
a 1032 1027 417
a 1027 1033 928
a 1033 1027 928
a 1028 1029 944
a 1029 1028 944
a 1029 1030 10311
a 1030 1029 10311
a 1030 1031 251
a 1031 1030 251
a 1031 1032 1436
a 1032 1031 1436
a 1033 1154 1115
a 1154 1033 1115
a 1033 1727 3943
a 1727 1033 3943
a 1034 1035 777
a 1035 1034 777
a 1034 1045 1257
a 1045 1034 1257
a 1034 1285 1560
a 1285 1034 1560
a 1035 1036 947
a 1036 1035 947
a 1036 1037 900
a 1037 1036 900
a 1037 1038 2277
a 1038 1037 2277
a 1038 1039 753
a 1039 1038 753
a 1039 1040 2411
a 1040 1039 2411
a 1040 1041 2829
a 1041 1040 2829
a 1041 1042 1916
a 1042 1041 1916
a 1042 1043 1722
a 1043 1042 1722
a 1043 1044 66
a 1044 1043 66
a 1045 1046 642
a 1046 1045 642
a 1046 1047 764
a 1047 1046 764
a 1047 1048 541
a 1048 1047 541
a 1048 1049 915
a 1049 1048 915
a 1049 1050 982
a 1050 1049 982
a 1050 1051 422
a 1051 1050 422
a 1051 1052 751
a 1052 1051 751
a 1052 1053 947
a 1053 1052 947
a 1053 1054 432
a 1054 1053 432
a 1054 1055 1827
a 1055 1054 1827
a 1055 1056 443
a 1056 1055 443
a 1056 1057 635
a 1057 1056 635
a 1057 1058 976
a 1058 1057 976
a 1058 1059 1986
a 1059 1058 1986
a 1059 1060 1116
a 1060 1059 1116
a 1060 1061 282
a 1061 1060 282
a 1061 1062 2120
a 1062 1061 2120
a 1062 1063 395
a 1063 1062 395
a 1063 1064 853
a 1064 1063 853
a 1064 1065 471
a 1065 1064 471
a 1065 1066 796
a 1066 1065 796
a 1066 1067 1177
a 1067 1066 1177
a 1067 1068 2987
a 1068 1067 2987
a 1068 1069 1978
a 1069 1068 1978
a 1069 1070 1955
a 1070 1069 1955
a 1070 1071 584
a 1071 1070 584
a 1071 1072 1571
a 1072 1071 1571
a 1072 1073 1933
a 1073 1072 1933
a 1073 1074 1403
a 1074 1073 1403
a 1074 1075 1169
a 1075 1074 1169
a 1075 1076 1260
a 1076 1075 1260
a 1076 1077 1418
a 1077 1076 1418
a 1077 1078 506
a 1078 1077 506
a 1078 1079 1212
a 1079 1078 1212
a 1079 1080 872
a 1080 1079 872
a 1081 1082 1044
a 1082 1081 1044
a 1081 1305 1812
a 1305 1081 1812
a 1081 1356 1489
a 1356 1081 1489
a 1082 1083 2094
a 1083 1082 2094
a 1084 1085 1432
a 1085 1084 1432
a 1085 1086 784
a 1086 1085 784
a 1086 1087 2122
a 1087 1086 2122
a 1087 1088 1561
a 1088 1087 1561
a 1088 1089 824
a 1089 1088 824
a 1089 1090 3555
a 1090 1089 3555
a 1090 1091 761
a 1091 1090 761
a 1091 1092 315
a 1092 1091 315
a 1092 1093 847
a 1093 1092 847
a 1093 1094 1456
a 1094 1093 1456
a 1094 1095 3593
a 1095 1094 3593
a 1095 1096 1122
a 1096 1095 1122
a 1096 1097 625
a 1097 1096 625
a 1097 1098 531
a 1098 1097 531
a 1098 1099 1960
a 1099 1098 1960
a 1099 1100 985
a 1100 1099 985
a 1100 1101 706
a 1101 1100 706
a 1101 1102 630
a 1102 1101 630
a 1102 1103 1032
a 1103 1102 1032
a 1103 1104 610
a 1104 1103 610
a 1104 1105 56
a 1105 1104 56
a 1105 1106 2734
a 1106 1105 2734
a 1106 1107 3544
a 1107 1106 3544
a 1107 1108 2026
a 1108 1107 2026
a 1108 1109 2778
a 1109 1108 2778
a 1109 1165 2146
a 1165 1109 2146
a 1109 1174 4235
a 1174 1109 4235
a 1110 1111 1381
a 1111 1110 1381
a 1111 1112 1927
a 1112 1111 1927
a 1112 1113 2752
a 1113 1112 2752
a 1113 1114 1153
a 1114 1113 1153
a 1114 1115 3264
a 1115 1114 3264
a 1115 1116 1063
a 1116 1115 1063
a 1116 1117 2180
a 1117 1116 2180
a 1117 1118 4008
a 1118 1117 4008
a 1118 1119 2371
a 1119 1118 2371
a 1119 1120 1276
a 1120 1119 1276
a 1120 1121 4000
a 1121 1120 4000
a 1121 1122 1697
a 1122 1121 1697
a 1122 1123 1143
a 1123 1122 1143
a 1123 1124 519
a 1124 1123 519
a 1124 1125 1629
a 1125 1124 1629
a 1125 1126 1654
a 1126 1125 1654
a 1126 1127 825
a 1127 1126 825
a 1127 1128 1528
a 1128 1127 1528
a 1128 1129 881
a 1129 1128 881
a 1129 1130 1706
a 1130 1129 1706
a 1130 1131 1821
a 1131 1130 1821
a 1131 1132 3266
a 1132 1131 3266
a 1132 1133 1998
a 1133 1132 1998
a 1133 1134 137
a 1134 1133 137
a 1134 1135 3900
a 1135 1134 3900
a 1135 1136 2148
a 1136 1135 2148
a 1136 1153 1306
a 1153 1136 1306
a 1136 1357 942
a 1357 1136 942
a 1137 1138 1549
a 1138 1137 1549
a 1138 1139 988
a 1139 1138 988
a 1139 1140 1305
a 1140 1139 1305
a 1140 1141 1150
a 1141 1140 1150
a 1141 1142 2543
a 1142 1141 2543
a 1142 1143 2225
a 1143 1142 2225
a 1143 1144 605
a 1144 1143 605
a 1144 1145 1942
a 1145 1144 1942
a 1145 1146 486
a 1146 1145 486
a 1146 1147 1478
a 1147 1146 1478
a 1147 1148 235
a 1148 1147 235
a 1148 1149 983
a 1149 1148 983
a 1149 1150 699
a 1150 1149 699
a 1150 1151 826
a 1151 1150 826
a 1151 1152 3388
a 1152 1151 3388
a 1152 1153 917
a 1153 1152 917
a 1154 1155 1055
a 1155 1154 1055
a 1155 1156 751
a 1156 1155 751
a 1156 1157 2101
a 1157 1156 2101
a 1157 1158 3150
a 1158 1157 3150
a 1158 1159 1602
a 1159 1158 1602
a 1159 1160 1395
a 1160 1159 1395
a 1160 1161 1082
a 1161 1160 1082
a 1161 1162 1613
a 1162 1161 1613
a 1162 1163 2181
a 1163 1162 2181
a 1163 1164 1104
a 1164 1163 1104
a 1164 1169 1225
a 1169 1164 1225
a 1165 1166 4810
a 1166 1165 4810
a 1166 1167 1396
a 1167 1166 1396
a 1167 1168 1933
a 1168 1167 1933
a 1168 1215 975
a 1215 1168 975
a 1168 1568 1811
a 1568 1168 1811
a 1169 1170 213
a 1170 1169 213
a 1170 1171 4252
a 1171 1170 4252
a 1171 1172 5789
a 1172 1171 5789
a 1172 1173 6137
a 1173 1172 6137
a 1173 1174 250
a 1174 1173 250
a 1175 1176 1232
a 1176 1175 1232
a 1176 1177 1391
a 1177 1176 1391
a 1177 1178 999
a 1178 1177 999
a 1178 1179 2086
a 1179 1178 2086
a 1179 1180 1302
a 1180 1179 1302
a 1180 1181 2432
a 1181 1180 2432
a 1181 1182 2286
a 1182 1181 2286
a 1182 1183 202
a 1183 1182 202
a 1183 1184 1372
a 1184 1183 1372
a 1184 1185 1561
a 1185 1184 1561
a 1185 1325 4101
a 1325 1185 4101
a 1185 1432 2524
a 1432 1185 2524
a 1186 1187 1840
a 1187 1186 1840
a 1187 1188 1590
a 1188 1187 1590
a 1188 1189 1291
a 1189 1188 1291
a 1189 1190 1346
a 1190 1189 1346
a 1190 1191 769
a 1191 1190 769
a 1191 1192 1376
a 1192 1191 1376
a 1192 1193 824
a 1193 1192 824
a 1193 1194 2026
a 1194 1193 2026
a 1194 1195 1144
a 1195 1194 1144
a 1195 1196 609
a 1196 1195 609
a 1196 1197 255
a 1197 1196 255
a 1197 1198 332
a 1198 1197 332
a 1198 1318 848
a 1318 1198 848
a 1199 1200 8223
a 1200 1199 8223
a 1199 1273 218
a 1273 1199 218
a 1199 1274 527
a 1274 1199 527
a 1200 1201 1445
a 1201 1200 1445
a 1201 1202 1483
a 1202 1201 1483
a 1202 1203 2200
a 1203 1202 2200
a 1203 1204 939
a 1204 1203 939
a 1204 1205 2338
a 1205 1204 2338
a 1205 1206 1651
a 1206 1205 1651
a 1206 1207 1556
a 1207 1206 1556
a 1207 1208 1272
a 1208 1207 1272
a 1208 1209 1007
a 1209 1208 1007
a 1209 1210 1861
a 1210 1209 1861
a 1210 1211 2288
a 1211 1210 2288
a 1211 1212 1133
a 1212 1211 1133
a 1212 1213 77
a 1213 1212 77
a 1213 1214 3525
a 1214 1213 3525
a 1215 1216 2675
a 1216 1215 2675
a 1216 1217 1743
a 1217 1216 1743
a 1217 1218 1196
a 1218 1217 1196
a 1218 1219 1495
a 1219 1218 1495
a 1219 1220 2364
a 1220 1219 2364
a 1220 1221 770
a 1221 1220 770
a 1221 1222 2584
a 1222 1221 2584
a 1222 1223 1056
a 1223 1222 1056
a 1223 1224 1359
a 1224 1223 1359
a 1224 1225 4131
a 1225 1224 4131
a 1225 1226 720
a 1226 1225 720
a 1226 1227 1635
a 1227 1226 1635
a 1227 1228 1675
a 1228 1227 1675
a 1228 1229 3218
a 1229 1228 3218
a 1229 1230 1563
a 1230 1229 1563
a 1230 1231 2019
a 1231 1230 2019
a 1231 1232 1113
a 1232 1231 1113
a 1232 1233 1225
a 1233 1232 1225
a 1233 1234 1277
a 1234 1233 1277
a 1234 1235 730
a 1235 1234 730
a 1235 1236 1380
a 1236 1235 1380
a 1236 1237 1566
a 1237 1236 1566
a 1237 1238 1113
a 1238 1237 1113
a 1238 1239 1412
a 1239 1238 1412
a 1239 1240 2611
a 1240 1239 2611
a 1240 1241 1099
a 1241 1240 1099
a 1241 1242 2104
a 1242 1241 2104
a 1242 1243 1992
a 1243 1242 1992
a 1243 1244 1673
a 1244 1243 1673
a 1244 1245 2589
a 1245 1244 2589
a 1245 1246 1345
a 1246 1245 1345
a 1246 1247 2220
a 1247 1246 2220
a 1247 1248 2860
a 1248 1247 2860
a 1248 1249 1885
a 1249 1248 1885
a 1249 1250 1310
a 1250 1249 1310
a 1250 1251 55
a 1251 1250 55
a 1251 1252 1295
a 1252 1251 1295
a 1252 1253 1337
a 1253 1252 1337
a 1253 1254 1631
a 1254 1253 1631
a 1254 1255 1804
a 1255 1254 1804
a 1255 1256 4083
a 1256 1255 4083
a 1256 1257 948
a 1257 1256 948
a 1257 1258 3058
a 1258 1257 3058
a 1258 1259 518
a 1259 1258 518
a 1259 1260 711
a 1260 1259 711
a 1260 1261 947
a 1261 1260 947
a 1261 1262 1097
a 1262 1261 1097
a 1262 1263 3065
a 1263 1262 3065
a 1263 1264 1020
a 1264 1263 1020
a 1264 1265 1307
a 1265 1264 1307
a 1265 1266 485
a 1266 1265 485
a 1266 1267 4373
a 1267 1266 4373
a 1267 1268 1560
a 1268 1267 1560
a 1268 1269 1741
a 1269 1268 1741
a 1269 1270 1136
a 1270 1269 1136
a 1270 1271 1309
a 1271 1270 1309
a 1271 1272 2214
a 1272 1271 2214
a 1272 1273 1285
a 1273 1272 1285
a 1274 1304 755
a 1304 1274 755
a 1274 1495 2265
a 1495 1274 2265
a 1275 1276 2630
a 1276 1275 2630
a 1275 1303 939
a 1303 1275 939
a 1275 1455 411
a 1455 1275 411
a 1276 1277 2171
a 1277 1276 2171
a 1277 1278 1075
a 1278 1277 1075
a 1278 1279 1347
a 1279 1278 1347
a 1279 1280 835
a 1280 1279 835
a 1280 1281 1051
a 1281 1280 1051
a 1281 1282 3899
a 1282 1281 3899
a 1282 1283 705
a 1283 1282 705
a 1283 1284 915
a 1284 1283 915
a 1284 1285 452
a 1285 1284 452
a 1286 1287 1301
a 1287 1286 1301
a 1287 1288 990
a 1288 1287 990
a 1288 1289 1132
a 1289 1288 1132
a 1289 1290 952
a 1290 1289 952
a 1290 1291 1732
a 1291 1290 1732
a 1291 1292 1390
a 1292 1291 1390
a 1292 1293 831
a 1293 1292 831
a 1293 1294 2949
a 1294 1293 2949
a 1294 1295 3370
a 1295 1294 3370
a 1295 1296 101
a 1296 1295 101
a 1296 1297 2854
a 1297 1296 2854
a 1297 1298 2313
a 1298 1297 2313
a 1298 1299 862
a 1299 1298 862
a 1299 1300 955
a 1300 1299 955
a 1300 1301 2030
a 1301 1300 2030
a 1301 1302 1789
a 1302 1301 1789
a 1302 1303 1637
a 1303 1302 1637
a 1304 1431 3676
a 1431 1304 3676
a 1304 1592 2585
a 1592 1304 2585
a 1305 1306 976
a 1306 1305 976
a 1306 1307 1371
a 1307 1306 1371
